250
58
16338 16365 16392 16419 16446 16472 16498 16524 16549 16575 16601 16628 16654 16680 16706 16732 16758 16784 16810 16835 16861 16887 16913 16939 16964 16989 17015 17040 17065 17091 17117 17144 17170 17195 17220 17244 17268 17293 17318 17343 17368 17393 19958 19984 20009 20035 20061 20087 20113 20139 20166 20193 20219 20246 20274 20302 20330 20359 
39
20359 20387 20414 20441 20467 20492 20516 20540 20561 20581 20601 20620 20638 20657 20677 23161 23179 23197 23216 23236 23256 23275 23294 23312 23331 23348 25676 25695 27844 27863 27883 27902 27922 27945 27968 27993 28018 28044 28069 
16
28069 28094 30011 30033 31693 31716 33043 33068 33092 33115 33137 34099 34120 34896 34916 34936 
27
34936 35705 35725 35745 36480 36500 36517 36535 37278 37295 38042 38059 38078 38797 38816 38835 38854 39540 39558 40224 40880 41600 41618 41638 41658 41680 42396 
13
42396 42416 43160 43178 43195 43212 43963 43982 44778 44796 44819 44848 45662 
10
45662 45688 45706 46534 46550 47357 47373 47392 47410 48201 
20
48201 48221 48240 49022 49039 49818 49835 50625 50642 51473 51493 51512 51531 51550 51567 52364 52381 52398 52416 52433 
10
52433 53259 54145 55102 55121 55138 55991 56007 56023 56865 
19
56865 56882 57767 57783 57799 57816 58810 58824 58839 58853 58866 59871 59889 59904 59919 59934 59949 59964 59008 
10
59008 59028 60011 60963 60979 60995 61011 61026 61041 61055 
6
61055 61071 61087 61102 61116 62106 
7
62106 62123 62141 62160 62178 62194 62207 
3
62207 62223 63279 
5
63279 63298 64427 64447 65621 
33
65621 65646 65665 65679 65695 65708 65720 65733 65745 65756 65768 65780 65793 66975 66988 67003 67014 67029 67042 67058 67074 67091 67106 67120 68396 68409 68422 67175 67187 67198 67210 67223 67238 
8
67238 67252 68526 68543 68560 68580 68603 68628 
33
68628 69816 69835 69853 70854 69885 69900 69912 70918 69934 69945 70954 69970 69983 69993 70005 70017 70029 70039 70050 70062 70073 68876 67564 67576 66268 64984 63707 62493 62500 62510 61417 60383 
3
60383 60394 60406 
5
60406 59387 58324 57304 56393 
15
56393 56405 55492 55504 54549 54559 53603 53613 52719 51887 51895 51042 51053 50215 50227 
8
50227 49408 48569 47728 46889 46898 46909 46924 
31
46924 46080 46096 46113 45262 44412 43592 42829 42057 41271 40542 40541 40547 40554 39847 39854 39863 39871 39153 39160 38405 38410 37619 37627 36806 36817 36826 37660 36844 36066 35278 
35
35278 35290 35305 36112 35329 36142 36156 36170 36947 37754 38513 39258 39955 40660 41381 42166 42917 43688 44501 45364 45374 45383 46254 47105 47927 48762 49536 50367 50380 51234 51233 52068 52894 53784 54737 
6
54737 54749 55675 55689 55704 56576 
3
56576 56591 56606 
9
56606 57518 58537 59575 60570 60581 60595 60607 61636 
20
61636 61645 60635 60640 61668 62757 62768 63964 63972 63983 65197 65206 65215 65222 66475 66482 66488 67781 67792 67808 
15
67808 67820 69078 70245 70261 71218 70286 70285 71241 71251 71948 72462 71958 72474 72908 
4
72908 73399 73411 73430 
12
73430 73945 74435 74918 75300 75653 76017 76360 76643 76947 77251 77538 
32
77538 77537 77536 77535 77534 77533 77532 77520 77217 77506 77813 77801 77800 77790 77789 78124 78123 78461 78804 79052 79043 79288 79542 79807 79797 79528 79527 79526 79517 79772 80009 80234 
9
80234 80454 80662 80866 80858 80852 81079 81275 81478 
61
81478 81477 81473 81470 81468 81709 81707 81704 81701 81698 81695 81950 81948 81945 82203 82201 82429 82427 82194 82424 82422 82660 82658 82864 82862 83057 83055 83302 83298 83533 83531 83724 83923 83921 83919 84139 84138 84136 84135 84327 84491 84655 84654 84875 84873 85090 85255 85378 85377 85496 85493 85616 85749 85884 85881 85987 85985 86073 86146 86216 86275 
15
42396 43105 43089 43074 43060 43046 43792 44600 45438 46309 47160 47988 48831 49637 50469 
36
50469 51312 52152 52998 53919 54903 55836 56712 57608 58620 59675 60688 61729 62832 64048 65302 66568 67886 69178 70384 71363 72113 72720 73265 73787 74259 74729 75081 75431 75783 76135 76466 76767 77051 77344 77645 
21
77645 77958 78289 78620 78880 79132 79365 79621 79889 80112 80318 80523 80724 80920 81133 81320 81520 81772 82031 82271 82502 
14
82502 82737 82934 83174 83414 83629 83826 84023 84218 84398 84387 84573 84785 84772 
5
84772 84759 84995 84986 84974 
36
84974 85185 85171 85157 85305 85295 85284 85406 85534 85662 85809 85940 86033 86110 86186 86248 86311 86401 86472 86547 86622 86689 86747 86803 86865 86926 86970 87020 87081 87134 87179 87222 87285 87360 87463 87537 
6
87537 87613 87669 87709 87749 87798 
55
87798 87797 87855 87922 87960 87988 88014 88042 88062 88091 88111 88124 88142 88158 88169 88182 88191 88203 88215 88229 88247 88257 88265 88276 88286 88299 88306 88321 88331 88339 88350 88361 88363 88373 88385 88401 88403 88408 88420 88423 88433 88441 88449 88459 88462 88473 88476 88487 88490 88498 88501 88554 88602 88558 88611 
34
88611 88642 88721 88726 88729 88732 88734 88737 88740 88745 88749 88753 88757 88760 88764 88765 88767 88770 88771 88773 88776 88777 88779 88781 88784 88785 88786 88787 88789 88790 88791 88793 88794 88796 
45
45662 45637 44822 44823 44824 44854 44067 44068 43342 43343 43344 43365 43366 43388 43389 42648 42676 42677 42678 42679 42653 42654 42682 41924 41925 41901 41902 41143 41144 41131 41132 40443 40433 40434 40435 40436 39734 39735 39038 38307 37530 37531 37526 37527 36729 
4
36729 35969 35172 34373 
24
34373 34374 34375 34363 34364 34355 33351 32001 32002 30307 30308 30309 30302 28375 28369 26198 26199 23811 23801 23802 23793 21248 21249 18569 
37
18569 18564 18559 18554 15982 15973 13755 13756 13757 13750 11909 10369 10370 10360 9141 8206 7521 7140 7018 6884 6748 6649 6552 6467 6356 6241 6131 6001 5866 5732 5606 5464 5314 5150 4979 4820 4670 
15
4670 4525 4388 4241 4068 3919 3759 3599 3455 3321 3190 3042 2898 2742 2600 
14
2600 2489 2399 2299 2211 2124 2047 1977 1923 1869 1811 1756 1692 1620 
7
1620 1544 1488 1431 1371 1304 1213 
39
1213 1141 1088 1026 972 928 887 845 810 778 730 667 670 672 674 677 680 742 684 614 565 568 529 484 488 444 445 399 402 406 359 316 317 270 232 235 205 171 174 
20
174 178 207 236 274 321 361 412 455 494 543 583 631 704 761 795 826 862 895 892 
8
63279 64411 65577 65578 64432 64433 65581 66765 
3
66765 68033 68005 
6
68005 68006 68007 68008 66747 68010 
32
68010 69281 70441 71411 71401 72143 72739 73282 73804 74282 74757 75112 75472 75842 76195 76525 76826 77109 77397 77694 78015 78334 78655 78921 79162 79416 79681 79940 80159 80376 80581 80778 
34
80778 80997 80994 80988 81185 81368 81354 81554 81545 81796 81794 82050 82048 82306 82303 82549 82544 82766 82958 83201 83441 83653 83861 84051 84241 84424 84599 84811 85027 85220 85336 85440 85561 85690 
108
85690 85826 85962 86054 86129 86204 86264 86334 86410 86490 86577 86647 86714 86772 86837 86882 86944 86994 87046 87099 87152 87196 87245 87303 87377 87483 87575 87629 87683 87719 87760 87810 87868 87926 87964 87992 88018 88047 88072 88096 88117 88127 88147 88160 88172 88186 88195 88207 88221 88237 88250 88260 88268 88278 88288 88303 88318 88328 88337 88348 88360 88371 88372 88384 88400 88419 88429 88438 88446 88455 88458 88471 88483 88494 88507 88509 88588 88596 88595 88594 88593 88592 88512 88511 88513 88514 88515 88517 88519 88521 88523 88525 88527 88529 88530 88531 88532 88533 88535 88537 88539 88540 88541 88542 88543 88544 88545 88547 
67
59008 58009 57081 56202 55298 54301 53391 52544 51738 50897 50071 49262 48438 47589 46747 45891 45077 44262 43488 42740 41977 41183 40467 39774 39065 38335 37557 36746 35988 35210 34411 33409 32040 30344 28413 26241 23855 21305 21299 18633 16060 13812 11967 10433 9201 8272 7578 7185 7179 7063 6950 6802 6678 6584 6583 6490 6397 6281 6167 6040 5903 5773 5630 5518 5363 5210 5041 
20
5041 4884 4714 4554 4401 4251 4079 3942 3785 3629 3487 3354 3225 3095 2927 2770 2623 2512 2419 2322 
76
2322 2243 2246 2165 2077 2078 2082 2001 2006 1951 1903 1843 1847 1850 1855 1795 1737 1739 1674 1676 1679 1601 1527 1528 1530 1469 1473 1416 1418 1365 1291 1295 1198 1200 1204 1132 1074 1075 1015 958 959 914 919 877 878 839 804 805 772 775 720 643 645 595 597 555 506 470 427 375 344 296 252 219 190 191 161 132 133 107 108 89 90 75 76 66 
71
62106 61147 60194 59212 58157 58158 57174 56260 55337 54345 53416 52566 51760 51761 50913 50092 49295 48458 47603 46761 45909 45091 44276 43498 42754 41991 41201 40488 39797 39085 38351 37576 36760 36010 35234 34429 33425 33426 33427 32060 30364 28431 26258 23867 21322 18648 16077 13825 11986 10446 9215 8285 7591 7210 7089 6964 6817 6696 6697 6599 6509 6417 6299 6304 6195 6075 5933 5792 5653 5550 5395 
33
5395 5243 5235 5057 4898 4731 4569 4438 4292 4142 3971 3798 3640 3496 3367 3237 3105 2940 2783 2639 2522 2429 2340 2260 2183 2092 2002 1943 1895 1835 1786 1725 1660 
34
1660 1580 1518 1454 1407 1356 1282 1279 1188 1118 1060 1061 1004 952 953 949 908 867 832 828 797 767 763 717 713 714 638 587 588 548 551 495 499 458 
2
458 459 
22
459 460 461 465 466 418 419 420 368 370 327 331 334 336 337 278 284 285 240 242 243 210 
20
50227 50243 51105 51964 52775 52782 52783 53653 53658 53663 53673 54627 54637 54651 55595 55604 56489 57414 58441 59512 
13
59512 60525 61556 61557 62643 63843 63844 65091 65092 66373 67689 68976 70161 
8
70161 71131 71132 71827 72364 72842 73347 73878 
88
73878 74366 74361 74828 75194 75550 75919 75907 75902 76251 76248 76577 76573 76569 76878 76872 76868 76864 77154 77434 77430 77426 77422 77721 77718 78059 78056 78052 78384 78383 78381 78378 78714 78711 78368 78366 78702 78699 78696 78693 78955 78953 78951 78947 79205 79203 79455 79453 79450 79708 79707 79702 79958 80180 80176 80399 80596 80595 80790 81019 81013 81212 81403 81401 81617 81852 82114 82112 82109 82360 82359 82597 82596 82827 83019 83018 83262 83260 83258 83499 83497 83693 83691 83896 83894 84104 84296 84294 
21
84294 84291 84289 84458 84456 84633 84632 84852 84851 84849 84848 85070 85069 85067 85235 85234 85233 85232 85231 85355 85353 
23
68628 68601 68577 69724 69742 68574 68573 68572 68594 68593 68592 68617 68616 68615 68653 68652 68651 68650 68679 68678 68677 67424 68697 
12
68697 67422 67421 67420 67388 67387 67386 67385 67384 67383 66156 66155 
88
66155 66136 66135 66134 66118 64914 64906 64905 64904 64894 64893 64892 63658 63657 63646 63645 63631 63630 64835 64818 64800 64799 64786 64773 64761 65955 65941 67127 67111 67097 67082 67066 68324 68306 68291 68275 68263 68251 69476 69466 69453 69440 70574 70567 70562 70559 70556 70552 70550 69359 69337 69315 69288 68016 67992 67968 66693 66692 66691 66690 66689 67940 67939 69214 69210 69208 69207 67919 67915 66630 66623 66618 65430 64246 63089 63064 63042 62002 61019 61003 60050 60034 59060 59039 57998 57981 57966 57952 
36
56393 55459 56379 56380 55447 55448 54486 53539 52656 52650 51834 50984 50979 50154 50151 49345 48514 48510 47668 47663 46837 46833 46829 45984 45980 45148 45143 45138 45959 45960 45961 46813 46808 46803 47645 46798 
14
46798 47639 47640 48491 49329 50137 50958 50955 51814 51811 51809 52631 52625 52619 
28
52619 53509 53506 53507 54461 54459 54455 54451 54447 54443 54438 54434 54432 54430 54428 55408 54423 54420 54417 54414 54412 54409 54406 54402 54398 54393 54390 54385 
10
54385 54378 53469 53466 53462 53459 53454 53448 53441 53436 
13
53436 54366 55374 55371 56304 56303 56296 56289 56283 57193 57188 57179 57166 
27
57166 57155 57145 57138 58122 58115 58105 58096 58087 58079 58071 58062 59089 59075 59057 59036 59015 58995 58977 58960 58942 58924 58904 59880 59864 59848 59832 
10
65621 66808 68074 69344 70517 71453 72165 72758 73292 73825 
3
73825 74312 74784 
38
74784 74774 74763 75107 75106 75468 75838 75829 76177 76508 76507 76499 76803 77084 77379 77680 77675 77995 77994 78324 78649 78916 79157 79405 79669 79668 79922 80137 80358 80559 80755 80754 80982 81183 81364 81564 81818 82068 
5
82068 82067 82066 82325 82576 
2
82576 82805 
14
82805 82990 83236 83475 83684 83891 84094 84272 84440 84608 84831 84832 85048 85227 
4
85227 85346 85447 85574 
57
85574 85575 85576 85697 85832 85969 86062 86134 86206 86266 86338 86420 86503 86583 86650 86718 86775 86832 86879 86940 86984 87037 87038 87093 87148 87192 87241 87300 87374 87480 87574 87628 87681 87717 87757 87807 87866 87924 87963 87991 88017 88045 88067 88092 88112 88125 88143 88159 88170 88184 88194 88206 88220 88236 88249 88258 88266 
16
60406 61462 61474 62574 63782 65044 66318 67636 68951 70149 71123 71823 72352 72820 73327 73865 
5
73865 74350 74821 75184 75531 
93
75531 75892 76238 76558 76858 77139 77421 77725 78064 78389 78720 78959 79207 79461 79711 79965 80182 80402 80599 80793 81028 81223 81413 81412 81411 81628 81867 81865 82128 82126 82372 82371 82613 82610 82841 82838 83031 83030 83272 83509 83508 83703 83904 84114 84310 84476 84642 84860 84856 85078 85246 85245 85364 85484 85611 85609 85735 85873 85872 85980 85978 86067 86141 86139 86138 86212 86272 86346 86431 86514 86598 86596 86659 86658 86721 86782 86781 86844 86890 86953 87001 87048 87103 87157 87156 87209 87259 87310 87306 87378 87487 87577 87632 
14
61636 62713 62701 62690 63886 65130 66399 67711 68997 70193 71162 71850 72392 72875 
7
72875 73377 73901 74391 74868 75228 75590 
15
75590 75957 76297 76591 76888 77170 77451 77745 78081 78405 78734 78982 79225 79480 79738 
9
79738 79975 80194 80417 80626 80822 81048 81240 81435 
77
81435 81426 81644 81889 82153 82385 82631 82624 82619 82846 83035 83280 83516 83711 83913 84126 84318 84124 84316 84481 84648 84867 85086 85252 85371 85495 85619 85752 85887 85992 86075 86148 86218 86277 86361 86446 86521 86602 86667 86730 86790 86853 86905 86960 87007 87056 87115 87163 87212 87261 87314 87384 87492 87581 87639 87687 87728 87763 87813 87875 87874 87931 87930 87969 87996 88024 88023 88051 88050 88049 88079 88101 88118 88132 88149 88162 88174 
44
56865 57722 57708 57695 57683 58678 59712 60712 61745 62852 64067 65322 66585 67900 69200 70403 71381 72128 72733 73277 73798 74276 74739 75091 75444 75803 76151 76482 76777 77059 77357 77657 77974 78299 78626 78889 79139 79376 79632 79898 80121 80325 80533 80735 
72
80735 80943 81150 81332 81531 81780 82038 82280 82510 82742 82942 83190 83431 83644 83855 84044 84238 84421 84597 84807 85025 85217 85334 85432 85557 85685 85822 85953 86046 86116 86195 86259 86257 86332 86331 86409 86485 86483 86568 86564 86642 86635 86554 86631 86629 86627 86709 86708 86706 86705 86704 86763 86761 86759 86757 86755 86814 86812 86875 86874 86873 86871 86937 86936 86983 86982 86980 87030 87029 87089 87146 87188 
27
46924 46078 46093 45242 45258 46142 46141 46140 47009 47026 47877 48700 49478 49477 49476 50306 50305 50304 51157 51156 52001 52000 52833 52832 52819 52818 52817 
23
52817 53677 54607 55556 56465 56464 56463 57391 57390 58420 58410 58409 58408 59481 59480 59479 60508 60500 60499 60498 60497 60496 61538 
48
61538 61533 61532 61525 61524 61523 61513 61512 62600 62599 63805 63799 65063 65062 66350 66349 66344 66340 66336 67652 67645 67644 67640 68946 70141 70132 70131 71115 71813 71812 71811 71810 71818 72344 72343 72810 73320 73319 73318 73853 73849 74333 74329 74810 74809 75172 75166 75170 
18
75170 75521 75515 75884 76229 76226 76549 76547 76845 77132 77131 77416 77710 78041 78040 78039 78043 78044 
93
62207 61251 60281 59272 58216 57215 56293 55361 54358 53429 52579 51776 51783 50928 50108 49305 49310 48474 47618 46778 45930 45108 44297 43518 42771 42008 41219 40502 39810 39104 38364 37589 36777 36023 35248 34442 33441 32079 30379 28438 26264 23876 21330 18660 16091 13838 11996 10458 9228 8295 7602 7219 7102 6983 6843 6708 6609 6517 6428 6312 6202 6087 5956 5824 5681 5567 5413 5262 5091 4921 4760 4604 4473 4321 4162 3988 3816 3657 3515 3387 3264 3126 2959 2800 2661 2544 2450 2363 2275 2199 2110 2026 1962 
52
34936 34956 34955 34954 34211 33272 31947 31958 30284 28354 26166 23773 21210 18535 15954 13726 13725 13724 11888 11887 10334 10333 10332 10331 9123 8194 7507 7124 7005 6872 6737 6633 6538 6452 6338 6231 6120 5993 5847 5706 5585 5438 5286 5113 4947 4788 4635 4639 4503 4498 4352 4212 
12
4212 4042 3891 3729 3722 3560 3417 3412 3281 3148 2990 2989 
17
2989 2988 2997 3000 2999 3154 3156 3293 3295 3425 3424 3569 3741 3746 3905 4058 3906 
23
3906 3750 3586 3437 3300 3168 3021 2876 2718 2581 2477 2389 2292 2207 2118 2038 2037 2036 1966 1917 1864 1865 1916 
26
5395 5232 5063 4907 4744 4575 4433 4289 4283 4136 4132 4126 4121 4116 4110 4105 3964 3962 3961 3957 3953 3946 3783 3780 3776 3620 
53
3620 3617 3613 3609 3478 3476 3472 3345 3343 3341 3337 3218 3085 2919 2760 2611 2496 2404 2304 2216 2143 2060 1979 1925 1874 1813 1758 1697 1633 1545 1489 1432 1382 1327 1251 1157 1095 1035 988 940 901 853 822 793 758 696 624 576 535 481 441 395 392 
10
392 391 390 385 382 381 380 431 430 429 
9
72908 72921 72940 73436 73458 73482 73498 74003 74490 
40
74490 74976 75363 75364 75731 75732 76099 76417 76709 77005 77302 77594 77912 78228 78565 78861 79116 79341 79605 79869 80091 80294 80507 80714 80907 81118 81303 81497 81743 81991 82231 82463 82696 82880 83083 83321 83560 83752 83753 83962 
5
83962 84169 84341 84511 84670 
42
84670 84899 85118 85270 85391 85519 85641 85784 85915 86011 86093 86171 86235 86297 86382 86458 86535 86616 86683 86741 86801 86862 86924 86963 87012 87070 87125 87167 87215 87272 87326 87386 87499 87585 87656 87700 87736 87766 87767 87768 87769 87770 
6
52433 51636 50825 50030 49235 48412 
31
48412 48418 47577 46737 45881 45065 44254 43477 42726 41963 41170 40459 39764 39055 38331 37548 36736 35980 35197 34397 33390 32026 30332 28398 26226 23835 21292 18627 16045 13793 11950 
46
11950 13789 11945 11942 10413 10412 9187 9186 9184 9182 9180 9176 8251 8249 8247 8244 7559 7557 7554 7549 7547 7165 7163 7162 7160 7158 7156 7047 7045 7043 7041 6933 6928 6925 6923 6921 6918 6783 6777 6770 6765 6896 6897 6898 7027 7028 
39
68697 69861 69876 70879 71649 72254 72790 73314 73844 74325 74804 75157 75504 75872 76218 76544 76842 77125 77407 77702 78027 78340 78667 78929 79174 79427 79690 79949 80169 80390 80586 80786 81021 81216 81407 81623 81858 82121 82364 
42
82364 82599 82829 83021 83264 83502 83698 83898 84110 84299 84463 84635 84858 85079 85247 85369 85491 85613 85741 85875 85983 86070 86144 86214 86273 86347 86432 86516 86600 86665 86729 86787 86846 86892 86955 87003 87051 87004 86956 86899 86851 86788 
36
56606 55758 55759 55760 54846 53885 52970 52115 52118 51282 50437 50438 49607 48799 47962 47135 46281 45403 44545 43724 42958 42205 41421 40695 39992 39296 38550 37790 36978 36198 35381 34559 33533 32144 30428 28466 
3
28466 26284 23893 
17
23893 21341 18672 16110 16117 13852 12010 10479 9246 8314 7619 7228 7109 6997 6863 6732 6627 
20
6627 6535 6450 6330 6226 6116 5984 5837 5697 5579 5424 5275 5100 4932 4773 4616 4482 4330 4172 4006 
13
4006 3842 3681 3535 3406 3275 3140 2978 2824 2675 2556 2455 2365 
21
36729 37517 38277 39009 39711 40402 41087 41824 42565 43306 44047 44834 45650 46469 47264 48061 48866 49674 50489 51337 52170 
48
52170 53011 53932 54928 55848 56719 57617 58633 59686 59688 60697 60701 61734 62842 64058 65312 66576 67892 69187 70393 71372 72121 72724 73270 73792 74270 74733 75085 75438 75795 76143 76476 76774 77061 77065 77360 77662 77983 78312 78634 78896 79143 79383 79640 79644 79648 79649 79650 
8
4670 4824 4825 4826 4829 4683 4835 4838 
60
4838 4844 4846 4849 4852 4855 4858 4860 4862 4985 4987 4990 4992 4995 4998 5001 5160 5004 5165 5168 5325 5330 5333 5469 5338 5474 5478 5482 5486 5339 5343 5347 5183 5185 5011 5015 5018 5019 4871 4872 4875 4700 4704 4540 4545 4399 4405 4411 4261 4264 4095 4102 3965 3967 3792 3794 3636 3637 3493 3368 
66
46798 45947 45123 44318 43534 42785 42021 41233 40515 39819 39113 38374 37598 36786 36035 35256 34449 33453 32086 30390 28448 26270 23885 21337 18663 16096 13841 12000 10466 9236 8301 7606 7222 7104 6987 6845 6712 6613 6523 6433 6319 6210 6098 5964 5831 5686 5571 5416 5265 5095 4925 4765 4611 4475 4325 4164 3991 3819 3658 3516 3390 3266 3128 2961 2803 2659 
36
5395 5552 5657 5809 5940 5810 5811 5670 5813 5672 5562 5563 5559 5406 5407 5255 5083 5084 4915 4753 4589 4590 4450 4305 4306 4307 4153 4154 3979 3807 3644 3645 3650 3506 3377 3256 
12
3256 3251 3115 3119 3254 3121 2955 2796 2655 2538 2445 2355 
18
2355 2271 2194 2104 2021 1958 1914 1862 1805 1749 1688 1614 1536 1481 1483 1422 1369 1302 
16
34373 33372 32023 30320 28390 26216 23825 21282 18615 16019 13776 11935 10396 9159 8220 7531 
25
7531 7151 7034 6912 6776 6658 6559 6471 6367 6249 6141 6014 5871 5730 5598 5450 5303 5301 5140 4974 4812 4663 4660 4520 4375 
5
4375 4368 4364 4229 4224 
21
4224 4051 4044 3884 3878 3719 3713 3554 3549 3546 3543 3705 3704 3702 3700 3698 3697 3869 3868 3867 3866 
62
48412 48408 48409 47570 46733 45878 45064 44253 43480 42731 41967 41174 40463 39769 39060 38332 37550 36739 35982 35195 34395 33389 32028 30331 28397 26224 23829 21290 21288 18619 16040 16038 16035 16032 16030 16028 16026 16024 13784 11941 11939 10408 10406 9172 9169 8241 8238 7551 7166 7049 6938 6791 6662 6569 6478 6374 6255 6146 6020 5877 5876 5743 
11
2322 2318 2231 2155 2071 1994 1990 1933 1886 1824 1768 
20
1768 1707 1644 1559 1494 1438 1387 1334 1262 1171 1101 1047 997 943 904 897 850 816 786 748 
14
748 689 618 573 524 474 436 383 349 301 254 221 192 162 
19
162 134 109 91 78 67 61 54 47 35 5 6 20 21 7 8 37 38 39 
54
60383 60382 59344 59343 58262 59331 58260 57234 56325 55427 54478 53526 52653 52659 51843 50993 50167 49353 48522 47682 46845 46844 45996 45159 44336 43540 43538 43537 42789 42788 42031 42029 41253 41252 41251 41250 41248 41246 40531 40530 40529 40527 39823 39822 39118 39117 39115 38381 38379 38378 38377 37599 37594 37593 
51
77645 77950 77949 78274 78268 78613 78612 78607 78606 78605 78601 78600 78595 78594 78264 78263 78262 77942 77939 77935 77932 77632 77628 77624 77623 77337 77334 77333 77332 77041 77037 76755 76753 76752 76749 76748 76456 76128 76126 75779 75426 75075 74721 74252 73779 73259 72713 72109 71358 70375 70373 
52
74490 74024 74042 74058 73571 73582 73591 73598 73604 73612 73621 74155 74169 73663 73678 73691 73177 73185 72653 73203 73213 72675 72090 71354 70370 69166 67875 66557 65289 64035 62817 61704 60668 59662 58608 57595 56701 55831 54892 53909 52993 52146 51309 50463 50462 49631 48820 48824 48823 48822 47984 47155 
42
81435 81665 81666 81920 81928 81929 81930 82187 82188 82418 82654 82858 83049 83294 83535 83537 83725 83726 83924 83926 84141 84329 84330 84332 84333 84492 84493 84656 84657 84658 84659 84660 84880 84883 85096 85098 85101 85102 85256 85257 85258 85259 
39
66155 64943 63680 62466 61378 60347 59317 58248 57231 56324 55424 54467 53518 52640 51818 50953 50127 49325 48485 47629 46789 45937 45116 44308 44306 43528 42777 42013 41229 40507 39814 39107 38368 37592 36780 36030 35252 34446 33444 
38
5041 5202 5356 5503 5619 5756 5889 6030 6157 6268 6387 6384 6380 6258 6150 6024 5884 5749 5614 5490 5341 5176 5007 4868 4698 4536 4393 4243 4074 3924 3764 3601 3459 3323 3207 3083 2917 2759 
34
1768 1715 1654 1566 1503 1445 1395 1343 1275 1190 1120 1065 1008 955 912 875 837 802 771 718 642 593 554 504 469 425 374 341 292 246 211 184 160 131 
31
73865 74343 74339 74817 75174 75524 75889 76234 76230 76550 76848 77137 77133 77417 77713 77708 78034 78032 78353 78351 78686 78682 78945 78939 79199 79195 79190 79446 79439 79705 79959 
6
83962 83766 83767 83783 83784 83592 
6
83592 83357 83362 83127 83129 83130 
23
83130 83132 83371 83374 83378 83382 83384 83146 83387 83388 83389 83391 83392 83394 83160 83162 83398 83399 83402 83403 83404 83405 83408 
30
2600 2749 2753 2912 3054 3058 3060 3062 3063 3064 3065 3066 3067 3069 3070 3073 3074 3076 3077 3194 3196 3198 3199 3200 3201 3202 3322 3209 3327 3328 
30
88611 88568 88569 88616 88620 88623 88626 88658 88661 88664 88667 88670 88673 88676 88678 88680 88683 88685 88687 88690 88692 88695 88698 88701 88704 88708 88711 88713 88715 88718 
30
61055 61070 61069 61068 62039 62038 62037 63100 63099 63098 64236 64235 63069 64213 65391 65390 65389 65388 65387 65386 65385 65372 65371 65370 64171 64170 64169 64185 63045 63044 
28
61538 62620 63820 63824 65071 65074 66357 66359 67675 68963 68965 70157 70165 70172 71139 71141 71145 71834 71837 71839 72376 72379 72858 72860 72862 72864 73361 73362 
12
87537 87538 87539 87604 87541 87542 87543 87464 87465 87456 87448 87449 
17
87449 87458 87468 87363 87368 87370 87290 87292 87232 87235 87237 87238 87239 87185 87142 87143 87144 
28
75590 75210 75211 75212 75576 75577 75578 75579 75945 76288 76300 76301 76302 76303 76304 76315 76316 76320 75975 75976 75615 75616 75618 75263 75264 75265 75266 75267 
29
52817 53699 53698 53711 53723 52847 52015 52017 51178 50324 50323 49501 48716 47891 47052 46196 45320 44458 43640 43639 42871 42098 41305 40573 39861 39860 39137 38386 38385 
27
1660 1590 1594 1523 1460 1463 1465 1409 1410 1413 1414 1360 1363 1284 1286 1193 1122 1123 1125 1126 1128 1067 1068 1071 1073 1012 1014 
32
28069 28095 28071 25934 25935 25936 25937 25938 23598 21097 18442 18443 18464 15902 15916 15925 15928 13699 13701 15932 15933 13704 13705 13707 11863 11865 10318 10320 10321 9105 9106 8187 
4
87798 87844 87904 87936 
22
87936 87972 88002 88033 88053 88082 88104 88121 88136 88151 88163 88176 88187 88197 88210 88222 88241 88252 88261 88272 88281 88271 
22
1213 1315 1323 1324 1325 1225 1231 1236 1240 1245 1146 1148 1153 1156 1091 1027 1033 982 983 984 979 980 
22
84974 84975 84976 85188 85176 85163 85316 85423 85537 85542 85663 85670 85815 85941 85942 86034 86035 86036 86040 86111 86113 86114 
21
3906 4060 4233 4371 4516 4655 4805 4969 5133 5298 5446 5594 5597 5720 5851 6007 6136 6248 6247 6366 6365 
22
67808 66531 66532 65278 64026 62808 61700 60665 59659 58604 57587 56694 55826 55825 55824 54889 53906 52991 52142 51303 51302 51301 
20
87936 87897 87832 87833 87789 87782 87741 87737 87738 87739 87785 87827 87894 87944 87982 88008 88036 88056 88083 88107 
21
48201 47430 47431 46636 45812 45827 45030 44237 44241 43470 43471 42722 42724 41955 41958 41164 41166 40455 39759 39761 39054 
6
74784 75147 75500 75869 76211 76540 
14
76540 76838 77119 77403 77699 78021 78337 78660 78925 79168 79422 79686 79948 79947 
2
4838 4689 
4
4689 4842 4841 4984 
15
4984 5155 5320 5468 5608 5741 5874 6017 6144 6254 6253 6373 6477 6566 6475 
19
82576 82334 82333 82073 81823 81830 81833 81587 81586 81590 81592 81593 81837 81840 81841 81842 81843 81844 81845 
18
56576 57452 57453 58463 59533 60533 61563 62652 63860 65110 65108 65104 65102 65100 63858 63856 63854 62650 
17
2355 2351 2347 2348 2441 2533 2530 2648 2791 2790 2788 2949 2948 3113 3247 3243 3374 
17
748 695 627 580 539 490 447 405 356 314 267 231 203 170 144 123 99 
17
67238 66055 64859 63650 62457 61374 60345 59313 58245 57226 56321 55423 54466 53517 52642 51821 50962 
24
20359 20388 20389 20390 20391 20392 20393 20366 22838 20311 22840 22841 22842 22817 22818 25150 27364 29358 31124 32605 31108 31109 31097 32589 
16
80735 80952 80951 80950 80949 80948 80939 80938 80933 81141 81140 81139 81138 81330 81329 81327 
15
87449 87443 87438 87433 87430 87426 87421 87415 87510 87401 87402 87403 87514 87515 87522 
15
4212 4350 4349 4348 4353 4490 4625 4624 4785 4784 4943 4942 5108 5107 5279 
15
85574 85582 85708 85716 85725 85726 85593 85594 85595 85596 85597 85598 85599 85600 85721 
14
84772 85014 85018 85208 85328 85427 85426 85550 85680 85818 85945 86042 86115 86192 
14
75170 75178 75180 75528 75529 75894 76239 76240 76241 76559 76870 77159 77438 77732 
14
84670 84891 85106 85260 85383 85504 85628 85631 85627 85626 85625 85624 85623 85756 
15
66765 65630 64480 63385 63403 62358 63430 63441 63452 63462 63471 64616 63495 63504 63503 
14
79738 79977 79989 79979 79733 79722 79720 79719 79467 79466 79212 78963 78724 78722 
16
82805 82989 82988 82987 83219 83460 83664 83876 84072 84261 84443 84442 84625 84841 84624 84845 
14
4375 4236 4064 3907 3753 3590 3447 3313 3184 3039 2893 2736 2594 2485 
10
4006 4005 3832 3827 3995 3994 4166 4329 4479 4618 
10
4006 4005 3832 3827 3995 3994 4166 4329 4479 4618 
18
6627 6529 6442 6326 6221 6108 5979 5839 5704 5581 5425 5276 5105 4935 4770 4614 4477 4618 
16
77538 77865 78189 78190 78191 78538 78844 79094 79322 79574 79832 80062 80270 80493 80698 80893 
13
85227 85344 85453 85587 85712 85851 85857 85864 85865 85866 85867 85868 85869 
13
3620 3481 3347 3222 3088 2923 2767 2620 2507 2415 2328 2241 2162 
3
81478 81274 81081 
11
81081 80848 80843 80842 80839 81074 81271 81475 81474 81270 81269 
13
54385 53479 52606 51790 50935 50119 49317 48480 47625 46783 45933 45106 44292 
13
82502 82266 82265 82264 82262 82500 82499 82731 82730 82728 82929 82925 82923 
13
50469 49644 48845 48836 49656 50471 50472 50473 50474 51316 51317 52148 52149 
13
53436 53442 53443 52598 52595 52596 51779 52587 52588 52589 52590 52591 52592 
12
3256 3122 3123 2956 2797 2656 2542 2446 2359 2272 2196 2107 
3
459 417 365 
3
459 417 365 
4
458 464 422 365 
13
72875 73375 73891 74383 74837 75222 75567 75937 75929 75928 75559 75555 75554 
12
52170 52167 51329 52161 51340 51341 51330 51331 51332 51333 52164 51324 
13
18569 21251 21260 18594 18584 18585 18586 16001 13767 11928 10385 10386 10387 
6
83592 83786 83607 83804 83805 83806 
6
83592 83786 83607 83804 83805 83806 
6
83130 83365 83621 83820 84006 83806 
12
80234 80007 79770 79513 79255 79005 79004 79017 78780 78763 78762 78778 
11
52619 51793 50939 50121 49322 48484 47628 46788 45936 45115 44304 
11
162 143 122 98 82 72 65 59 52 45 34 
11
57166 58180 58162 58163 58150 59190 59175 60156 60142 60128 61063 
11
68010 66773 65611 64461 63366 63367 62332 62344 62345 62346 62347 
11
70161 68978 67681 66364 65077 63831 62626 61550 60517 59501 58435 
11
7531 8222 8223 8224 8214 8215 8216 9155 10392 10393 11931 
11
2989 2834 2685 2558 2457 2367 2279 2202 2112 2029 1963 
11
28466 30426 30418 30417 30416 30415 30407 30406 30405 28452 26272 
12
35278 35288 35303 34498 34497 34496 34482 34481 34480 34479 34468 33459 
10
174 146 150 128 129 102 83 87 73 74 
10
365 322 326 275 239 209 182 157 130 106 
10
11950 11951 11952 10418 9189 9188 8254 7564 7168 7051 
10
80778 80574 80563 80344 80341 80339 80338 80337 80336 80335 
10
82364 82119 81857 81621 81404 81215 81015 80782 80585 80389 
10
59512 60521 61552 62636 62635 62634 63842 63849 63848 63847 
10
68005 69249 69231 70414 71393 71389 71384 70405 70406 70407 
3
54737 54721 54720 
9
54720 54719 54718 54717 54716 54701 54700 54687 54686 
9
73430 72935 72510 71997 71308 70348 70347 69157 67872 
9
23893 21353 21360 21362 18690 16129 13860 12017 10488 
11
54720 53767 52879 52053 51215 51214 51213 51200 50351 50350 50339 
9
82068 82329 82319 82561 82786 82787 82552 82311 82312 
9
84294 84460 84634 84853 85072 85236 85356 85479 85478 
9
81081 80856 80860 80871 80666 80665 80664 80869 80658 
9
85690 85824 85957 85956 86053 86127 86126 86125 86124 
9
392 353 309 263 227 194 165 137 113 
9
73878 73348 73349 73350 72833 72834 72360 72361 72362 
9
1620 1695 1622 1623 1626 1627 1629 1631 1632 
9
75531 75890 76235 76553 76552 76852 76851 76860 76859 
9
4224 4216 4217 4208 4209 4200 4194 4188 4189 
4
4689 4531 4390 4242 
4
4689 4531 4390 4242 
6
4984 4839 4686 4532 4392 4242 
6
76540 76541 76207 75862 75858 75491 
6
76540 76541 76207 75862 75858 75491 
7
73825 73826 74305 74777 75124 75125 75491 
